;EGM-4 Data
;SoftwareVersion=1.05
;Plot	RecNo	Day	Month	Hour	Min	CO2 Ref	mb Ref	mbR Temp	Input A	Input B	Input C	Input D	Input E	Input F	Input G	Input H	ATMP	Probe Type
40	0001	07	06	11	43	00414	15.7	+27.3	0000	043.4	000.0	0000	0000	+00.00	00	00	0981	08
40	0002	07	06	11	43	00414	15.8	+27.3	0000	043.4	000.0	0000	0004	+00.00	00	00	0981	08
40	0003	07	06	11	43	00414	15.8	+27.3	0000	043.4	000.0	0000	0009	+00.00	00	00	0981	08
40	0004	07	06	11	43	00414	15.8	+27.3	0000	043.4	000.0	0000	0014	-00.00	00	01	0981	08
40	0005	07	06	11	43	00414	15.8	+27.3	0000	043.4	000.0	0000	0019	+00.00	00	00	0981	08
40	0006	07	06	11	43	00414	15.8	+27.4	0000	043.4	000.0	0000	0024	+00.01	00	00	0981	08
40	0007	07	06	11	43	00414	15.8	+27.4	0000	043.4	000.0	0000	0028	+00.01	00	00	0981	08
40	0008	07	06	11	43	00414	15.9	+27.4	0000	043.4	000.0	0000	0033	+00.02	00	00	0981	08
40	0009	07	06	11	43	00414	15.9	+27.4	0000	043.5	000.0	0000	0038	+00.02	00	00	0981	08
40	0010	07	06	11	43	00415	15.9	+27.4	0000	043.5	000.0	0000	0043	+00.02	00	00	0981	08
40	0011	07	06	11	43	00415	15.9	+27.4	0000	043.5	000.0	0000	0048	+00.02	00	00	0981	08
40	0012	07	06	11	44	00415	15.9	+27.4	0000	043.5	000.0	0000	0052	+00.03	00	00	0981	08
40	0013	07	06	11	44	00415	15.9	+27.4	0000	043.5	000.0	0000	0057	+00.03	00	00	0981	08
40	0014	07	06	11	44	00415	15.9	+27.4	0000	043.5	000.0	0000	0062	+00.03	00	00	0981	08
40	0015	07	06	11	44	00415	15.9	+27.5	0000	043.5	000.0	0000	0067	+00.03	00	00	0981	08
40	0016	07	06	11	44	00415	15.9	+27.5	0000	043.5	000.0	0001	0072	+00.03	00	00	0981	08
40	0017	07	06	11	44	00415	15.9	+27.5	0000	043.5	000.0	0001	0076	+00.03	00	00	0981	08
40	0018	07	06	11	44	00416	16.0	+27.5	0000	043.5	000.0	0001	0081	+00.04	00	00	0981	08
40	0019	07	06	11	44	00416	16.0	+27.5	0000	043.5	000.0	0001	0086	+00.04	00	00	0981	08
40	0020	07	06	11	44	00416	16.0	+27.5	0000	043.5	000.0	0001	0091	+00.04	00	00	0981	08
40	0021	07	06	11	44	00416	16.0	+27.5	0000	043.5	000.0	0002	0096	+00.04	00	00	0981	08
40	0022	07	06	11	44	00417	16.0	+27.6	0000	043.5	000.0	0002	0100	+00.05	00	00	0981	08
40	0023	07	06	11	44	00417	16.0	+27.6	0000	043.5	000.0	0002	0105	+00.05	00	00	0981	08
40	0024	07	06	11	44	00417	16.0	+27.6	0000	043.5	000.0	0003	0110	+00.05	00	00	0981	08
40	0025	07	06	11	45	00417	16.0	+27.6	0000	043.5	000.0	0003	0115	+00.06	00	00	0981	08
40	0026	07	06	11	45	00418	16.1	+27.6	0000	043.5	000.0	0003	0120	+00.06	00	00	0981	08
40	0027	07	06	11	45	00418	16.1	+27.6	0000	043.5	000.0	0004	0124	+00.06	00	00	0981	08
41	0001	07	06	11	49	00422	17.1	+28.3	0000	044.6	000.0	0000	0000	+00.00	00	00	0981	08
41	0002	07	06	11	49	00422	17.1	+28.2	0000	044.6	000.0	0000	0004	+00.00	00	00	0981	08
41	0003	07	06	11	49	00421	17.4	+28.3	0000	044.7	000.0	0000	0009	+00.00	00	00	0981	08
41	0004	07	06	11	49	00421	17.1	+28.3	0000	044.7	000.0	0000	0014	-00.09	00	01	0981	08
41	0005	07	06	11	49	00421	17.4	+28.3	0000	044.7	000.0	0000	0019	-00.05	00	01	0981	08
41	0006	07	06	11	50	00421	17.4	+28.3	0000	044.8	000.0	0000	0024	-00.04	00	01	0981	08
41	0007	07	06	11	50	00421	17.4	+28.3	0000	044.9	000.0	0000	0028	-00.03	00	01	0981	08
41	0008	07	06	11	50	00422	17.4	+28.3	0000	044.8	000.0	0000	0033	-00.00	00	01	0981	08
41	0009	07	06	11	50	00422	17.4	+28.3	0000	044.8	000.0	0000	0038	+00.01	00	00	0981	08
41	0010	07	06	11	50	00423	17.2	+28.4	0000	044.9	000.0	0000	0043	+00.03	00	00	0981	08
41	0011	07	06	11	50	00423	17.4	+28.4	0000	044.9	000.0	0001	0048	+00.05	00	00	0981	08
41	0012	07	06	11	50	00424	17.4	+28.4	0000	044.9	000.0	0001	0052	+00.07	00	00	0981	08
41	0013	07	06	11	50	00425	17.4	+28.4	0000	044.9	000.0	0002	0057	+00.09	00	00	0981	08
41	0014	07	06	11	50	00425	17.5	+28.4	0000	044.9	000.0	0003	0062	+00.12	00	00	0981	08
41	0015	07	06	11	50	00426	17.5	+28.4	0000	045.0	000.0	0004	0067	+00.14	00	00	0981	08
41	0016	07	06	11	50	00427	17.5	+28.4	0000	045.0	000.0	0005	0072	+00.16	00	00	0981	08
41	0017	07	06	11	50	00428	17.5	+28.4	0000	045.0	000.0	0006	0076	+00.17	00	00	0981	08
41	0018	07	06	11	51	00429	17.5	+28.4	0000	045.0	000.0	0007	0081	+00.19	00	00	0981	08
41	0019	07	06	11	51	00430	17.5	+28.4	0000	045.0	000.0	0008	0086	+00.20	00	00	0981	08
41	0020	07	06	11	51	00430	17.5	+28.4	0000	045.0	000.0	0009	0091	+00.21	00	00	0981	08
41	0021	07	06	11	51	00431	17.7	+28.4	0000	045.1	000.0	0010	0096	+00.22	00	00	0981	08
41	0022	07	06	11	51	00432	17.8	+28.5	0000	045.1	000.0	0011	0100	+00.23	00	00	0981	08
41	0023	07	06	11	51	00433	17.6	+28.5	0000	045.1	000.0	0012	0105	+00.24	00	00	0981	08
41	0024	07	06	11	51	00434	17.8	+28.5	0000	045.1	000.0	0013	0110	+00.25	00	00	0981	08
41	0025	07	06	11	51	00435	17.8	+28.5	0000	045.2	000.0	0014	0115	+00.26	00	00	0981	08
41	0026	07	06	11	51	00436	17.8	+28.5	0000	045.2	000.0	0015	0120	+00.26	00	00	0981	08
41	0027	07	06	11	51	00437	17.9	+28.6	0000	045.2	000.0	0016	0124	+00.27	00	00	0981	08
42	0001	07	06	12	16	00412	16.8	+30.5	0000	038.3	000.0	0000	0000	+00.00	00	00	0981	08
42	0002	07	06	12	16	00412	16.7	+30.5	0000	038.3	000.0	0000	0004	+00.00	00	00	0981	08
42	0003	07	06	12	17	00412	16.7	+30.4	0000	038.3	000.0	0000	0009	+00.00	00	00	0981	08
42	0004	07	06	12	17	00414	16.8	+30.5	0000	038.4	000.0	0001	0014	+00.17	00	00	0981	08
42	0005	07	06	12	17	00414	17.0	+30.5	0000	038.5	000.0	0002	0019	+00.24	00	00	0981	08
42	0006	07	06	12	17	00414	17.2	+30.5	0000	038.6	000.0	0002	0024	+00.24	00	00	0981	08
42	0007	07	06	12	17	00415	17.0	+30.5	0000	038.6	000.0	0002	0028	+00.21	00	00	0981	08
42	0008	07	06	12	17	00415	17.3	+30.6	0000	038.7	000.0	0003	0033	+00.19	00	00	0981	08
42	0009	07	06	12	17	00414	17.3	+30.6	0000	038.8	000.0	0002	0038	+00.16	00	00	0981	08
42	0010	07	06	12	17	00415	17.2	+30.5	0000	038.9	000.0	0002	0043	+00.14	00	00	0981	08
42	0011	07	06	12	17	00415	17.3	+30.6	0000	038.9	000.0	0002	0048	+00.12	00	00	0981	08
42	0012	07	06	12	17	00415	17.3	+30.6	0000	039.0	000.0	0002	0052	+00.11	00	00	0981	08
42	0013	07	06	12	17	00415	17.3	+30.6	0000	039.0	000.0	0002	0057	+00.09	00	00	0981	08
42	0014	07	06	12	17	00415	17.3	+30.6	0000	039.1	000.0	0002	0062	+00.09	00	00	0981	08
42	0015	07	06	12	18	00415	17.3	+30.6	0000	039.1	000.0	0002	0067	+00.08	00	00	0981	08
42	0016	07	06	12	18	00415	17.3	+30.6	0000	039.1	000.0	0002	0072	+00.07	00	00	0981	08
42	0017	07	06	12	18	00415	17.3	+30.6	0000	039.1	000.0	0002	0076	+00.06	00	00	0981	08
42	0018	07	06	12	18	00415	17.3	+30.6	0000	039.2	000.0	0002	0081	+00.06	00	00	0981	08
42	0019	07	06	12	18	00415	17.3	+30.6	0000	039.2	000.0	0002	0086	+00.06	00	00	0981	08
42	0020	07	06	12	18	00416	17.3	+30.6	0000	039.2	000.0	0002	0091	+00.06	00	00	0981	08
42	0021	07	06	12	18	00416	17.3	+30.6	0000	039.2	000.0	0002	0096	+00.06	00	00	0981	08
42	0022	07	06	12	18	00416	17.3	+30.6	0000	039.2	000.0	0003	0100	+00.06	00	00	0981	08
42	0023	07	06	12	18	00417	17.3	+30.6	0000	039.2	000.0	0003	0105	+00.06	00	00	0981	08
42	0024	07	06	12	18	00417	17.3	+30.6	0000	039.2	000.0	0003	0110	+00.07	00	00	0981	08
42	0025	07	06	12	18	00418	17.6	+30.6	0000	039.3	000.0	0004	0115	+00.07	00	00	0981	08
42	0026	07	06	12	18	00418	17.3	+30.6	0000	039.3	000.0	0004	0120	+00.08	00	00	0981	08
42	0027	07	06	12	18	00419	17.6	+30.6	0000	039.3	000.0	0004	0124	+00.08	00	00	0981	08
43	0001	07	06	12	22	00426	17.5	+30.8	0000	039.5	000.0	0000	0000	+00.00	00	00	0981	08
43	0002	07	06	12	22	00425	17.7	+30.8	0000	039.7	000.0	0000	0004	+00.00	00	00	0981	08
43	0003	07	06	12	22	00425	17.8	+30.8	0000	039.9	000.0	0000	0009	+00.00	00	00	0981	08
43	0004	07	06	12	22	00426	17.7	+30.8	0000	039.9	000.0	0000	0014	-00.02	00	01	0981	08
43	0005	07	06	12	22	00426	18.0	+30.8	0000	040.0	000.0	0000	0019	+00.01	00	00	0981	08
43	0006	07	06	12	22	00426	18.0	+30.8	0000	040.1	000.0	0000	0024	+00.05	00	00	0981	08
43	0007	07	06	12	22	00427	18.0	+30.8	0000	040.2	000.0	0000	0028	+00.07	00	00	0981	08
43	0008	07	06	12	22	00427	18.0	+30.8	0000	040.2	000.0	0001	0033	+00.08	00	00	0981	08
43	0009	07	06	12	22	00427	18.1	+30.8	0000	040.3	000.0	0001	0038	+00.08	00	00	0981	08
43	0010	07	06	12	23	00427	18.1	+30.8	0000	040.3	000.0	0001	0043	+00.08	00	00	0981	08
43	0011	07	06	12	23	00427	18.1	+30.8	0000	040.3	000.0	0001	0048	+00.08	00	00	0981	08
43	0012	07	06	12	23	00428	18.1	+30.8	0000	040.4	000.0	0002	0052	+00.09	00	00	0981	08
43	0013	07	06	12	23	00429	18.1	+30.8	0000	040.4	000.0	0002	0057	+00.10	00	00	0981	08
43	0014	07	06	12	23	00430	18.1	+30.8	0000	040.4	000.0	0003	0062	+00.12	00	00	0981	08
43	0015	07	06	12	23	00431	18.1	+30.8	0000	040.4	000.0	0004	0067	+00.14	00	00	0981	08
43	0016	07	06	12	23	00432	18.4	+30.9	0000	040.4	000.0	0005	0072	+00.17	00	00	0981	08
43	0017	07	06	12	23	00434	18.3	+30.8	0000	040.5	000.0	0007	0076	+00.19	00	00	0981	08
43	0018	07	06	12	23	00435	18.4	+30.9	0000	040.5	000.0	0008	0081	+00.22	00	00	0981	08
43	0019	07	06	12	23	00436	18.3	+30.8	0000	040.5	000.0	0009	0086	+00.24	00	00	0981	08
43	0020	07	06	12	23	00437	18.4	+30.9	0000	040.6	000.0	0011	0091	+00.26	00	00	0981	08
43	0021	07	06	12	23	00438	18.6	+30.9	0000	040.6	000.0	0012	0096	+00.27	00	00	0981	08
43	0022	07	06	12	23	00439	18.6	+30.9	0000	040.6	000.0	0013	0100	+00.29	00	00	0981	08
43	0023	07	06	12	24	00440	18.6	+30.9	0000	040.7	000.0	0015	0105	+00.30	00	00	0981	08
43	0024	07	06	12	24	00441	18.6	+30.9	0000	040.7	000.0	0016	0110	+00.31	00	00	0981	08
43	0025	07	06	12	24	00442	18.6	+30.9	0000	040.8	000.0	0017	0115	+00.32	00	00	0981	08
43	0026	07	06	12	24	00444	18.6	+30.9	0000	040.8	000.0	0019	0120	+00.33	00	00	0981	08
43	0027	07	06	12	24	00445	18.6	+30.9	0000	040.8	000.0	0020	0124	+00.34	00	00	0981	08
44	0026	07	06	12	34	00423	16.6	+31.4	0000	036.2	000.0	0000	0000	+00.00	00	00	0981	08
44	0027	07	06	12	34	00424	16.6	+31.4	0000	036.2	000.0	0000	0004	+00.00	00	00	0981	08
44	0028	07	06	12	34	00423	16.6	+31.4	0000	036.2	000.0	0000	0009	+00.00	00	00	0981	08
44	0029	07	06	12	35	00425	16.6	+31.4	0000	036.2	000.0	0001	0014	+00.22	00	00	0980	08
44	0030	07	06	12	35	00426	16.6	+31.4	0000	036.2	000.0	0003	0019	+00.34	00	00	0981	08
44	0031	07	06	12	35	00430	16.9	+31.4	0000	036.2	000.0	0006	0024	+00.55	00	00	0980	08
44	0032	07	06	12	35	00433	16.9	+31.4	0000	036.3	000.0	0009	0028	+00.68	00	00	0981	08
44	0033	07	06	12	35	00434	17.2	+31.4	0000	036.4	000.0	0012	0033	+00.74	00	00	0981	08
44	0034	07	06	12	35	00435	17.2	+31.4	0000	036.5	000.0	0014	0038	+00.75	00	00	0981	08
44	0035	07	06	12	35	00439	17.2	+31.4	0000	036.6	000.0	0016	0043	+00.79	00	00	0981	08
44	0036	07	06	12	35	00442	17.2	+31.4	0000	036.7	000.0	0019	0048	+00.85	00	00	0980	08
44	0037	07	06	12	35	00444	17.2	+31.4	0000	036.7	000.0	0022	0052	+00.87	00	00	0981	08
44	0038	07	06	12	35	00446	17.2	+31.4	0000	036.8	000.0	0024	0057	+00.89	00	00	0980	08
44	0039	07	06	12	35	00447	17.5	+31.5	0000	036.8	000.0	0026	0062	+00.89	00	00	0981	08
44	0040	07	06	12	35	00449	17.4	+31.4	0000	036.9	000.0	0028	0067	+00.88	00	00	0981	08
44	0041	07	06	12	36	00450	17.5	+31.5	0000	037.0	000.0	0030	0072	+00.87	00	00	0981	08
44	0042	07	06	12	36	00452	17.7	+31.4	0000	037.0	000.0	0032	0076	+00.87	00	00	0981	08
44	0043	07	06	12	36	00454	17.7	+31.5	0000	037.1	000.0	0034	0081	+00.87	00	00	0981	08
44	0044	07	06	12	36	00456	17.7	+31.5	0000	037.2	000.0	0036	0086	+00.86	00	00	0981	08
44	0045	07	06	12	36	00458	17.7	+31.5	0000	037.3	000.0	0038	0091	+00.86	00	00	0981	08
44	0046	07	06	12	36	00461	17.7	+31.5	0000	037.3	000.0	0040	0096	+00.86	00	00	0980	08
44	0047	07	06	12	36	00463	17.7	+31.5	0000	037.4	000.0	0042	0100	+00.86	00	00	0981	08
44	0048	07	06	12	36	00465	17.7	+31.5	0000	037.4	000.0	0044	0105	+00.86	00	00	0980	08
44	0049	07	06	12	36	00467	17.8	+31.5	0000	037.5	000.0	0046	0110	+00.86	00	00	0980	08
44	0050	07	06	12	36	00469	17.8	+31.5	0000	037.5	000.0	0048	0115	+00.86	00	00	0980	08
44	0051	07	06	12	36	00470	18.0	+31.5	0000	037.6	000.0	0050	0120	+00.86	00	00	0981	08
45	0070	07	06	12	50	00403	16.7	+32.0	0000	035.1	000.0	0000	0000	+00.00	00	00	0981	08
45	0071	07	06	12	50	00402	16.7	+32.0	0000	035.1	000.0	0000	0004	+00.00	00	00	0980	08
45	0072	07	06	12	50	00402	16.7	+32.0	0000	035.0	000.0	0000	0009	+00.00	00	00	0981	08
45	0073	07	06	12	50	00402	16.4	+32.0	0000	034.8	000.0	0001	0014	-00.15	00	01	0981	08
45	0074	07	06	12	50	00402	16.5	+32.0	0000	034.8	000.0	0001	0019	-00.12	00	01	0981	08
45	0075	07	06	12	51	00403	16.5	+32.0	0000	034.7	000.0	0000	0024	-00.04	00	01	0980	08
45	0076	07	06	12	51	00403	16.5	+32.0	0000	034.7	000.0	0000	0028	-00.00	00	01	0980	08
45	0077	07	06	12	51	00402	16.5	+32.0	0000	034.7	000.0	0000	0033	-00.00	00	01	0981	08
45	0078	07	06	12	51	00402	16.5	+32.0	0000	034.7	000.0	0000	0038	-00.00	00	01	0981	08
45	0079	07	06	12	51	00403	16.5	+32.0	0000	034.7	000.0	0000	0043	+00.00	00	00	0981	08
45	0080	07	06	12	51	00403	16.5	+32.0	0000	034.6	000.0	0000	0048	+00.01	00	00	0980	08
45	0081	07	06	12	51	00403	16.5	+32.0	0000	034.6	000.0	0000	0052	+00.03	00	00	0981	08
45	0082	07	06	12	51	00405	16.5	+32.0	0000	034.6	000.0	0001	0057	+00.05	00	00	0981	08
45	0083	07	06	12	51	00407	16.5	+32.0	0000	034.6	000.0	0003	0062	+00.10	00	00	0980	08
45	0084	07	06	12	51	00410	16.5	+32.0	0000	034.6	000.0	0005	0067	+00.16	00	00	0980	08
45	0085	07	06	12	51	00413	16.7	+32.0	0000	034.7	000.0	0007	0072	+00.22	00	00	0981	08
45	0086	07	06	12	51	00417	16.7	+32.0	0000	034.7	000.0	0010	0076	+00.29	00	00	0981	08
45	0087	07	06	12	52	00421	16.8	+32.1	0000	034.7	000.0	0014	0081	+00.36	00	00	0981	08
45	0088	07	06	12	52	00425	16.7	+32.0	0000	034.7	000.0	0018	0086	+00.43	00	00	0981	08
45	0089	07	06	12	52	00429	16.7	+32.0	0000	034.8	000.0	0022	0091	+00.50	00	00	0980	08
45	0090	07	06	12	52	00432	17.0	+32.0	0000	034.8	000.0	0026	0096	+00.57	00	00	0981	08
45	0091	07	06	12	52	00435	17.3	+32.1	0000	034.8	000.0	0030	0100	+00.63	00	00	0981	08
45	0092	07	06	12	52	00438	17.3	+32.1	0000	034.9	000.0	0034	0105	+00.67	00	00	0981	08
45	0093	07	06	12	52	00440	17.3	+32.0	0000	035.0	000.0	0038	0110	+00.72	00	00	0981	08
45	0094	07	06	12	52	00443	17.3	+32.0	0000	035.0	000.0	0042	0115	+00.75	00	00	0981	08
45	0095	07	06	12	52	00445	17.5	+32.0	0000	035.1	000.0	0046	0120	+00.78	00	00	0980	08
45	0096	07	06	12	52	00446	17.6	+32.1	0000	035.1	000.0	0049	0124	+00.81	00	00	0981	08
46	0001	08	06	11	44	00461	21.0	+22.8	0000	075.7	000.0	0000	0000	+00.00	00	00	0972	08
46	0002	08	06	11	44	00459	21.0	+22.8	0000	075.7	000.0	0000	0004	+00.00	00	00	0972	08
46	0003	08	06	11	44	00459	21.0	+22.8	0000	075.7	000.0	0000	0009	+00.00	00	00	0972	08
46	0004	08	06	11	44	00459	21.1	+22.8	0000	075.7	000.0	0001	0014	-00.14	00	01	0972	08
46	0005	08	06	11	44	00459	20.9	+22.8	0000	075.6	000.0	0001	0019	-00.09	00	01	0972	08
46	0006	08	06	11	45	00459	21.1	+22.9	0000	075.6	000.0	0001	0024	-00.06	00	01	0972	08
46	0007	08	06	11	45	00459	21.0	+22.9	0000	075.5	000.0	0000	0028	-00.04	00	01	0972	08
46	0008	08	06	11	45	00459	21.0	+22.9	0000	075.5	000.0	0000	0033	-00.03	00	01	0972	08
46	0009	08	06	11	45	00460	21.0	+22.9	0000	075.5	000.0	0000	0038	-00.02	00	01	0972	08
46	0010	08	06	11	45	00460	21.1	+23.0	0000	075.5	000.0	0000	0043	-00.01	00	01	0972	08
46	0011	08	06	11	45	00460	21.1	+23.0	0000	075.4	000.0	0000	0048	-00.00	00	01	0972	08
46	0012	08	06	11	45	00460	21.1	+23.0	0000	075.4	000.0	0000	0052	+00.00	00	00	0972	08
46	0013	08	06	11	45	00461	21.1	+23.0	0000	075.4	000.0	0000	0057	+00.01	00	00	0972	08
46	0014	08	06	11	45	00461	21.0	+23.0	0000	075.4	000.0	0000	0062	+00.01	00	00	0972	08
46	0015	08	06	11	45	00461	21.1	+23.0	0000	075.3	000.0	0001	0067	+00.02	00	00	0972	08
46	0016	08	06	11	45	00461	21.1	+23.0	0000	075.3	000.0	0001	0072	+00.02	00	00	0972	08
46	0017	08	06	11	45	00462	21.1	+23.1	0000	075.3	000.0	0001	0076	+00.03	00	00	0972	08
46	0018	08	06	11	45	00462	21.0	+23.1	0000	075.2	000.0	0002	0081	+00.04	00	00	0972	08
46	0019	08	06	11	46	00463	21.1	+23.1	0000	075.2	000.0	0002	0086	+00.04	00	00	0972	08
46	0020	08	06	11	46	00463	21.1	+23.1	0000	075.2	000.0	0003	0091	+00.05	00	00	0972	08
46	0021	08	06	11	46	00464	21.1	+23.2	0000	075.1	000.0	0003	0096	+00.05	00	00	0972	08
46	0022	08	06	11	46	00464	21.1	+23.2	0000	075.1	000.0	0004	0100	+00.06	00	00	0972	08
46	0023	08	06	11	46	00465	21.1	+23.2	0000	075.1	000.0	0004	0105	+00.06	00	00	0972	08
46	0024	08	06	11	46	00465	21.1	+23.2	0000	075.0	000.0	0005	0110	+00.07	00	00	0972	08
46	0025	08	06	11	46	00466	21.2	+23.2	0000	075.0	000.0	0006	0115	+00.07	00	00	0972	08
46	0026	08	06	11	46	00467	21.2	+23.2	0000	075.0	000.0	0006	0120	+00.08	00	00	0972	08
46	0027	08	06	11	46	00467	21.1	+23.2	0000	075.0	000.0	0007	0124	+00.08	00	00	0972	08
47	0001	08	06	11	51	00494	21.5	+24.0	0000	071.9	000.0	0000	0000	+00.00	00	00	0972	08
47	0002	08	06	11	51	00494	21.5	+24.0	0000	071.9	000.0	0000	0004	+00.00	00	00	0972	08
47	0003	08	06	11	51	00494	21.6	+24.1	0000	071.9	000.0	0000	0009	+00.00	00	00	0972	08
47	0004	08	06	11	51	00494	21.6	+24.1	0000	071.9	000.0	0000	0014	+00.00	00	00	0972	08
47	0005	08	06	11	51	00494	21.6	+24.1	0000	071.9	000.0	0000	0019	+00.03	00	00	0972	08
47	0006	08	06	11	51	00495	21.6	+24.1	0000	071.9	000.0	0001	0024	+00.08	00	00	0972	08
47	0007	08	06	11	51	00496	21.6	+24.1	0000	071.9	000.0	0002	0028	+00.11	00	00	0972	08
47	0008	08	06	11	51	00497	21.7	+24.2	0000	071.9	000.0	0003	0033	+00.13	00	00	0972	08
47	0009	08	06	11	51	00497	21.7	+24.2	0000	071.9	000.0	0003	0038	+00.14	00	00	0972	08
47	0010	08	06	11	51	00498	21.7	+24.2	0000	072.0	000.0	0004	0043	+00.14	00	00	0972	08
47	0011	08	06	11	52	00498	21.7	+24.2	0000	072.0	000.0	0005	0048	+00.15	00	00	0972	08
47	0012	08	06	11	52	00498	21.7	+24.2	0000	072.0	000.0	0005	0052	+00.14	00	00	0972	08
47	0013	08	06	11	52	00498	21.7	+24.2	0000	072.0	000.0	0005	0057	+00.14	00	00	0972	08
47	0014	08	06	11	52	00498	21.7	+24.2	0000	072.0	000.0	0005	0062	+00.13	00	00	0972	08
47	0015	08	06	11	52	00498	21.7	+24.2	0000	072.0	000.0	0005	0067	+00.12	00	00	0972	08
47	0016	08	06	11	52	00499	21.8	+24.2	0000	072.0	000.0	0006	0072	+00.12	00	00	0972	08
47	0017	08	06	11	52	00499	21.7	+24.3	0000	071.9	000.0	0006	0076	+00.11	00	00	0972	08
47	0018	08	06	11	52	00499	21.7	+24.3	0000	071.9	000.0	0006	0081	+00.10	00	00	0972	08
47	0019	08	06	11	52	00499	21.7	+24.3	0000	071.9	000.0	0006	0086	+00.10	00	00	0972	08
47	0020	08	06	11	52	00499	21.7	+24.3	0000	071.9	000.0	0006	0091	+00.09	00	00	0972	08
47	0021	08	06	11	52	00500	21.7	+24.3	0000	071.9	000.0	0006	0096	+00.09	00	00	0972	08
47	0022	08	06	11	52	00501	21.6	+24.3	0000	071.8	000.0	0006	0100	+00.09	00	00	0972	08
47	0023	08	06	11	52	00501	21.8	+24.4	0000	071.8	000.0	0007	0105	+00.09	00	00	0972	08
47	0024	08	06	11	53	00502	21.7	+24.4	0000	071.8	000.0	0007	0110	+00.10	00	00	0972	08
47	0025	08	06	11	53	00503	21.7	+24.4	0000	071.8	000.0	0008	0115	+00.10	00	00	0972	08
47	0026	08	06	11	53	00504	21.7	+24.4	0000	071.7	000.0	0009	0120	+00.10	00	00	0972	08
47	0027	08	06	11	53	00505	21.7	+24.4	0000	071.7	000.0	0010	0124	+00.11	00	00	0972	08
48	0001	08	06	12	16	00442	22.8	+27.1	0000	063.7	000.0	0000	0000	+00.00	00	00	0972	08
48	0002	08	06	12	16	00441	22.9	+27.1	0000	063.7	000.0	0000	0004	+00.00	00	00	0972	08
48	0003	08	06	12	16	00439	22.9	+27.1	0000	063.7	000.0	0000	0009	+00.00	00	00	0972	08
48	0004	08	06	12	16	00437	22.9	+27.1	0000	063.7	000.0	0004	0014	-00.42	00	01	0972	08
48	0005	08	06	12	16	00436	22.7	+27.1	0000	063.6	000.0	0006	0019	-00.44	00	01	0972	08
48	0006	08	06	12	16	00435	22.8	+27.2	0000	063.6	000.0	0007	0024	-00.41	00	01	0972	08
48	0007	08	06	12	16	00435	22.8	+27.2	0000	063.5	000.0	0007	0028	-00.35	00	01	0972	08
48	0008	08	06	12	16	00435	22.7	+27.1	0000	063.5	000.0	0007	0033	-00.30	00	01	0972	08
48	0009	08	06	12	16	00435	22.8	+27.2	0000	063.4	000.0	0007	0038	-00.25	00	01	0972	08
48	0010	08	06	12	16	00435	22.8	+27.2	0000	063.4	000.0	0006	0043	-00.22	00	01	0972	08
48	0011	08	06	12	17	00435	22.8	+27.2	0000	063.4	000.0	0006	0048	-00.18	00	01	0972	08
48	0012	08	06	12	17	00435	22.8	+27.2	0000	063.4	000.0	0006	0052	-00.16	00	01	0972	08
48	0013	08	06	12	17	00436	22.8	+27.2	0000	063.4	000.0	0005	0057	-00.14	00	01	0972	08
48	0014	08	06	12	17	00436	22.6	+27.2	0000	063.4	000.0	0005	0062	-00.11	00	01	0972	08
48	0015	08	06	12	17	00436	22.6	+27.2	0000	063.3	000.0	0004	0067	-00.09	00	01	0972	08
48	0016	08	06	12	17	00437	22.8	+27.2	0000	063.3	000.0	0004	0072	-00.07	00	01	0972	08
48	0017	08	06	12	17	00438	22.6	+27.2	0000	063.3	000.0	0003	0076	-00.06	00	01	0972	08
48	0018	08	06	12	17	00438	22.6	+27.2	0000	063.2	000.0	0002	0081	-00.04	00	01	0972	08
48	0019	08	06	12	17	00439	22.6	+27.2	0000	063.2	000.0	0001	0086	-00.02	00	01	0972	08
48	0020	08	06	12	17	00440	22.6	+27.2	0000	063.2	000.0	0000	0091	-00.00	00	01	0972	08
48	0021	08	06	12	17	00441	22.6	+27.2	0000	063.2	000.0	0000	0096	+00.00	00	00	0972	08
48	0022	08	06	12	17	00443	22.6	+27.2	0000	063.1	000.0	0001	0100	+00.02	00	00	0972	08
48	0023	08	06	12	18	00444	22.7	+27.2	0000	063.1	000.0	0003	0105	+00.04	00	00	0972	08
48	0024	08	06	12	18	00445	22.7	+27.2	0000	063.1	000.0	0004	0110	+00.05	00	00	0972	08
48	0025	08	06	12	18	00446	22.7	+27.2	0000	063.1	000.0	0005	0115	+00.07	00	00	0972	08
48	0026	08	06	12	18	00448	22.7	+27.2	0000	063.1	000.0	0007	0120	+00.08	00	00	0972	08
48	0027	08	06	12	18	00449	22.7	+27.2	0000	063.1	000.0	0009	0124	+00.10	00	00	0972	08
49	0001	08	06	12	21	00448	22.9	+27.5	0000	062.3	000.0	0000	0000	+00.00	00	00	0972	08
49	0002	08	06	12	21	00448	22.9	+27.5	0000	062.3	000.0	0000	0004	+00.00	00	00	0972	08
49	0003	08	06	12	21	00449	22.9	+27.5	0000	062.3	000.0	0000	0009	+00.00	00	00	0972	08
49	0004	08	06	12	22	00450	22.9	+27.5	0000	062.3	000.0	0001	0014	+00.14	00	00	0972	08
49	0005	08	06	12	22	00451	22.9	+27.5	0000	062.3	000.0	0002	0019	+00.20	00	00	0972	08
49	0006	08	06	12	22	00452	22.9	+27.5	0000	062.3	000.0	0003	0024	+00.22	00	00	0972	08
49	0007	08	06	12	22	00453	22.9	+27.5	0000	062.3	000.0	0005	0028	+00.24	00	00	0972	08
49	0008	08	06	12	22	00454	22.9	+27.5	0000	062.3	000.0	0006	0033	+00.25	00	00	0972	08
49	0009	08	06	12	22	00455	22.9	+27.5	0000	062.3	000.0	0007	0038	+00.26	00	00	0972	08
49	0010	08	06	12	22	00456	23.0	+27.6	0000	062.3	000.0	0008	0043	+00.26	00	00	0972	08
49	0011	08	06	12	22	00457	22.9	+27.5	0000	062.3	000.0	0009	0048	+00.28	00	00	0972	08
49	0012	08	06	12	22	00459	22.9	+27.5	0000	062.3	000.0	0010	0052	+00.29	00	00	0972	08
49	0013	08	06	12	22	00460	23.0	+27.6	0000	062.3	000.0	0012	0057	+00.30	00	00	0972	08
49	0014	08	06	12	22	00462	22.9	+27.5	0000	062.3	000.0	0013	0062	+00.31	00	00	0972	08
49	0015	08	06	12	22	00463	22.9	+27.5	0000	062.3	000.0	0015	0067	+00.32	00	00	0972	08
49	0016	08	06	12	23	00464	23.0	+27.6	0000	062.3	000.0	0016	0072	+00.32	00	00	0972	08
49	0017	08	06	12	23	00466	23.0	+27.6	0000	062.3	000.0	0018	0076	+00.33	00	00	0972	08
49	0018	08	06	12	23	00468	23.0	+27.6	0000	062.3	000.0	0020	0081	+00.34	00	00	0972	08
49	0019	08	06	12	23	00469	23.0	+27.6	0000	062.3	000.0	0021	0086	+00.35	00	00	0972	08
49	0020	08	06	12	23	00471	23.0	+27.6	0000	062.3	000.0	0023	0091	+00.36	00	00	0972	08
49	0021	08	06	12	23	00473	23.0	+27.6	0000	062.3	000.0	0025	0096	+00.37	00	00	0972	08
49	0022	08	06	12	23	00475	23.0	+27.6	0000	062.3	000.0	0027	0100	+00.38	00	00	0972	08
49	0023	08	06	12	23	00477	23.0	+27.6	0000	062.3	000.0	0029	0105	+00.39	00	00	0972	08
49	0024	08	06	12	23	00479	23.0	+27.6	0000	062.3	000.0	0031	0110	+00.40	00	00	0972	08
49	0025	08	06	12	23	00481	23.1	+27.6	0000	062.3	000.0	0033	0115	+00.41	00	00	0972	08
49	0026	08	06	12	23	00484	23.1	+27.6	0000	062.3	000.0	0036	0120	+00.42	00	00	0972	08
49	0027	08	06	12	23	00486	23.1	+27.6	0000	062.3	000.0	0038	0124	+00.43	00	00	0972	08
50	0001	08	06	12	31	00441	23.1	+28.2	0000	060.5	000.0	0000	0000	+00.00	00	00	0972	08
50	0002	08	06	12	32	00444	23.0	+28.1	0000	060.5	000.0	0000	0004	+00.00	00	00	0972	08
50	0003	08	06	12	32	00443	23.1	+28.2	0000	060.5	000.0	0000	0009	+00.00	00	00	0972	08
50	0004	08	06	12	32	00443	23.0	+28.1	0000	060.5	000.0	0002	0014	+00.19	00	00	0972	08
50	0005	08	06	12	32	00443	23.1	+28.2	0000	060.5	000.0	0001	0019	+00.13	00	00	0972	08
50	0006	08	06	12	32	00444	23.1	+28.2	0000	060.5	000.0	0001	0024	+00.11	00	00	0972	08
50	0007	08	06	12	32	00444	23.1	+28.2	0000	060.5	000.0	0001	0028	+00.09	00	00	0972	08
50	0008	08	06	12	32	00444	23.1	+28.2	0000	060.5	000.0	0002	0033	+00.08	00	00	0972	08
50	0009	08	06	12	32	00444	23.1	+28.2	0000	060.5	000.0	0002	0038	+00.07	00	00	0972	08
50	0010	08	06	12	32	00445	23.1	+28.2	0000	060.5	000.0	0002	0043	+00.07	00	00	0972	08
50	0011	08	06	12	32	00445	23.1	+28.2	0000	060.5	000.0	0002	0048	+00.07	00	00	0972	08
50	0012	08	06	12	32	00445	23.3	+28.3	0000	060.5	000.0	0002	0052	+00.08	00	00	0972	08
50	0013	08	06	12	32	00446	23.1	+28.2	0000	060.5	000.0	0003	0057	+00.08	00	00	0972	08
50	0014	08	06	12	32	00447	23.1	+28.2	0000	060.5	000.0	0004	0062	+00.09	00	00	0972	08
50	0015	08	06	12	33	00448	23.1	+28.2	0000	060.5	000.0	0005	0067	+00.10	00	00	0972	08
50	0016	08	06	12	33	00449	23.1	+28.2	0000	060.5	000.0	0006	0072	+00.12	00	00	0972	08
50	0017	08	06	12	33	00451	23.3	+28.3	0000	060.5	000.0	0007	0076	+00.13	00	00	0972	08
50	0018	08	06	12	33	00452	23.0	+28.1	0000	060.5	000.0	0008	0081	+00.14	00	00	0972	08
50	0019	08	06	12	33	00454	23.1	+28.2	0000	060.5	000.0	0010	0086	+00.16	00	00	0972	08
50	0020	08	06	12	33	00455	23.1	+28.2	0000	060.5	000.0	0011	0091	+00.18	00	00	0972	08
50	0021	08	06	12	33	00457	23.2	+28.2	0000	060.5	000.0	0013	0096	+00.19	00	00	0972	08
50	0022	08	06	12	33	00459	23.0	+28.1	0000	060.5	000.0	0015	0100	+00.21	00	00	0972	08
50	0023	08	06	12	33	00461	23.1	+28.2	0000	060.5	000.0	0017	0105	+00.22	00	00	0972	08
50	0024	08	06	12	33	00463	23.0	+28.1	0000	060.5	000.0	0019	0110	+00.24	00	00	0972	08
50	0025	08	06	12	33	00465	23.3	+28.3	0000	060.5	000.0	0021	0115	+00.26	00	00	0972	08
50	0026	08	06	12	33	00468	23.1	+28.2	0000	060.5	000.0	0023	0120	+00.27	00	00	0972	08
50	0027	08	06	12	34	00470	23.3	+28.3	0000	060.5	000.0	0026	0124	+00.29	00	00	0972	08
51	0001	08	06	12	43	00484	23.9	+28.8	0000	060.6	000.0	0000	0000	+00.00	00	00	0972	08
51	0002	08	06	12	43	00484	23.8	+28.7	0000	060.6	000.0	0000	0004	+00.00	00	00	0972	08
51	0003	08	06	12	43	00485	24.0	+28.8	0000	060.4	000.0	0000	0009	+00.00	00	00	0972	08
51	0004	08	06	12	43	00485	23.9	+28.8	0000	060.3	000.0	0001	0014	+00.13	00	00	0972	08
51	0005	08	06	12	43	00486	23.8	+28.8	0000	060.3	000.0	0002	0019	+00.16	00	00	0972	08
51	0006	08	06	12	43	00487	23.7	+28.8	0000	060.2	000.0	0003	0024	+00.19	00	00	0972	08
51	0007	08	06	12	43	00487	23.7	+28.8	0000	060.2	000.0	0004	0028	+00.19	00	00	0972	08
51	0008	08	06	12	43	00488	23.5	+28.7	0000	060.1	000.0	0004	0033	+00.19	00	00	0972	08
51	0009	08	06	12	43	00489	23.6	+28.8	0000	060.1	000.0	0005	0038	+00.20	00	00	0972	08
51	0010	08	06	12	44	00490	24.0	+28.9	0000	060.0	000.0	0006	0043	+00.20	00	00	0972	08
51	0011	08	06	12	44	00491	23.6	+28.8	0000	060.0	000.0	0007	0048	+00.21	00	00	0972	08
51	0012	08	06	12	44	00492	23.6	+28.8	0000	060.0	000.0	0008	0052	+00.22	00	00	0972	08
51	0013	08	06	12	44	00494	23.7	+28.8	0000	059.9	000.0	0009	0057	+00.23	00	00	0972	08
51	0014	08	06	12	44	00495	23.6	+28.8	0000	059.9	000.0	0011	0062	+00.25	00	00	0972	08
51	0015	08	06	12	44	00497	23.7	+28.8	0000	059.9	000.0	0012	0067	+00.26	00	00	0972	08
51	0016	08	06	12	44	00498	23.6	+28.8	0000	059.9	000.0	0014	0072	+00.27	00	00	0972	08
51	0017	08	06	12	44	00500	23.8	+28.9	0000	059.8	000.0	0016	0076	+00.29	00	00	0972	08
51	0018	08	06	12	44	00502	23.4	+28.8	0000	059.8	000.0	0018	0081	+00.31	00	00	0972	08
51	0019	08	06	12	44	00504	23.4	+28.8	0000	059.8	000.0	0020	0086	+00.32	00	00	0972	08
51	0020	08	06	12	44	00506	23.6	+28.8	0000	059.8	000.0	0022	0091	+00.34	00	00	0972	08
51	0021	08	06	12	44	00509	23.7	+28.8	0000	059.8	000.0	0024	0096	+00.35	00	00	0972	08
51	0022	08	06	12	45	00510	23.7	+28.8	0000	059.7	000.0	0026	0100	+00.37	00	00	0972	08
51	0023	08	06	12	45	00513	23.6	+28.9	0000	059.7	000.0	0029	0105	+00.38	00	00	0972	08
51	0024	08	06	12	45	00515	23.6	+29.0	0000	059.7	000.0	0031	0110	+00.39	00	00	0972	08
51	0025	08	06	12	45	00517	23.5	+28.8	0000	059.7	000.0	0033	0115	+00.41	00	00	0972	08
51	0026	08	06	12	45	00520	23.5	+28.8	0000	059.7	000.0	0036	0120	+00.42	00	00	0972	08
51	0027	08	06	12	45	00522	23.8	+29.0	0000	059.6	000.0	0038	0124	+00.43	00	00	0972	08
52	0001	11	06	17	42	00436	20.1	+28.7	0000	051.0	000.0	0000	0000	+00.00	00	00	0967	08
52	0002	11	06	17	42	00434	19.8	+28.7	0000	050.7	000.0	0000	0004	+00.00	00	00	0967	08
52	0003	11	06	17	42	00434	19.7	+28.7	0000	050.5	000.0	0000	0009	+00.00	00	00	0967	08
52	0004	11	06	17	42	00434	19.7	+28.7	0000	050.5	000.0	0000	0014	-00.08	00	01	0967	08
52	0005	11	06	17	42	00435	19.7	+28.8	0000	050.4	000.0	0000	0019	+00.01	00	00	0967	08
52	0006	11	06	17	42	00435	19.7	+28.7	0000	050.3	000.0	0000	0024	+00.02	00	00	0967	08
52	0007	11	06	17	42	00435	19.7	+28.8	0000	050.2	000.0	0000	0028	+00.03	00	00	0967	08
52	0008	11	06	17	42	00436	19.7	+28.8	0000	050.2	000.0	0001	0033	+00.04	00	00	0967	08
52	0009	11	06	17	43	00436	19.7	+28.8	0000	050.2	000.0	0001	0038	+00.04	00	00	0967	08
52	0010	11	06	17	43	00436	19.8	+28.8	0000	050.1	000.0	0001	0043	+00.04	00	00	0967	08
52	0011	11	06	17	43	00436	19.8	+28.8	0000	050.1	000.0	0001	0048	+00.05	00	00	0967	08
52	0012	11	06	17	43	00437	19.8	+28.8	0000	050.1	000.0	0002	0052	+00.05	00	00	0967	08
52	0013	11	06	17	43	00438	19.9	+28.9	0000	050.1	000.0	0002	0057	+00.07	00	00	0967	08
52	0014	11	06	17	43	00440	19.9	+28.9	0000	050.1	000.0	0004	0062	+00.09	00	00	0967	08
52	0015	11	06	17	43	00442	19.9	+28.9	0000	050.1	000.0	0005	0067	+00.11	00	00	0967	08
52	0016	11	06	17	43	00444	19.8	+28.8	0000	050.1	000.0	0007	0072	+00.14	00	00	0967	08
52	0017	11	06	17	43	00447	19.9	+28.9	0000	050.1	000.0	0009	0076	+00.17	00	00	0967	08
52	0018	11	06	17	43	00449	19.9	+28.9	0000	050.1	000.0	0012	0081	+00.20	00	00	0967	08
52	0019	11	06	17	43	00451	19.9	+28.9	0000	050.1	000.0	0014	0086	+00.23	00	00	0967	08
52	0020	11	06	17	43	00453	20.0	+29.0	0000	050.1	000.0	0017	0091	+00.25	00	00	0967	08
52	0021	11	06	17	44	00456	20.2	+29.0	0000	050.1	000.0	0020	0096	+00.28	00	00	0967	08
52	0022	11	06	17	44	00458	20.1	+28.9	0000	050.1	000.0	0022	0100	+00.30	00	00	0967	08
52	0023	11	06	17	44	00461	20.2	+29.0	0000	050.1	000.0	0025	0105	+00.33	00	00	0967	08
52	0024	11	06	17	44	00463	20.4	+29.0	0000	050.2	000.0	0028	0110	+00.35	00	00	0967	08
52	0025	11	06	17	44	00465	20.5	+29.0	0000	050.2	000.0	0031	0115	+00.37	00	00	0967	08
52	0026	11	06	17	44	00467	20.3	+28.9	0000	050.2	000.0	0033	0120	+00.38	00	00	0967	08
52	0027	11	06	17	44	00470	20.4	+29.0	0000	050.2	000.0	0036	0124	+00.40	00	00	0967	08
53	0027	11	06	17	49	00425	19.6	+29.7	0000	046.9	000.0	0000	0000	+00.00	00	00	0967	08
53	0028	11	06	17	50	00425	19.1	+29.7	0000	046.7	000.0	0000	0004	+00.00	00	00	0967	08
53	0029	11	06	17	50	00425	19.3	+29.6	0000	046.7	000.0	0000	0009	+00.00	00	00	0967	08
53	0030	11	06	17	50	00426	19.3	+29.6	0000	046.6	000.0	0000	0014	+00.07	00	00	0967	08
53	0031	11	06	17	50	00426	19.7	+29.8	0000	046.6	000.0	0001	0019	+00.08	00	00	0967	08
53	0032	11	06	17	50	00426	19.2	+29.8	0000	046.5	000.0	0001	0024	+00.08	00	00	0967	08
53	0033	11	06	17	50	00427	19.4	+29.7	0000	046.5	000.0	0001	0028	+00.08	00	00	0967	08
53	0034	11	06	17	50	00427	19.4	+29.8	0000	046.5	000.0	0002	0033	+00.08	00	00	0967	08
53	0035	11	06	17	50	00428	19.0	+29.8	0000	046.4	000.0	0002	0038	+00.10	00	00	0967	08
53	0036	11	06	17	50	00429	19.3	+29.8	0000	046.4	000.0	0003	0043	+00.12	00	00	0967	08
53	0037	11	06	17	50	00431	19.5	+29.8	0000	046.4	000.0	0005	0048	+00.14	00	00	0967	08
53	0038	11	06	17	50	00433	19.4	+29.7	0000	046.4	000.0	0006	0052	+00.17	00	00	0967	08
53	0039	11	06	17	50	00435	19.8	+29.9	0000	046.4	000.0	0009	0057	+00.21	00	00	0967	08
53	0040	11	06	17	51	00438	19.2	+29.8	0000	046.4	000.0	0011	0062	+00.25	00	00	0967	08
53	0041	11	06	17	51	00441	19.5	+29.8	0000	046.4	000.0	0014	0067	+00.29	00	00	0967	08
53	0042	11	06	17	51	00444	19.7	+29.8	0000	046.5	000.0	0017	0072	+00.33	00	00	0967	08
53	0043	11	06	17	51	00447	19.9	+29.8	0000	046.5	000.0	0021	0076	+00.37	00	00	0967	08
53	0044	11	06	17	51	00451	20.0	+29.9	0000	046.5	000.0	0024	0081	+00.41	00	00	0967	08
53	0045	11	06	17	51	00454	20.0	+29.9	0000	046.6	000.0	0028	0086	+00.44	00	00	0967	08
53	0046	11	06	17	51	00457	20.2	+29.9	0000	046.6	000.0	0031	0091	+00.47	00	00	0967	08
53	0047	11	06	17	51	00460	20.0	+29.8	0000	046.7	000.0	0035	0096	+00.50	00	00	0967	08
53	0048	11	06	17	51	00463	20.3	+29.9	0000	046.7	000.0	0039	0100	+00.53	00	00	0967	08
53	0049	11	06	17	51	00466	20.2	+29.9	0000	046.8	000.0	0042	0105	+00.55	00	00	0967	08
53	0050	11	06	17	51	00469	20.6	+29.8	0000	046.9	000.0	0046	0110	+00.57	00	00	0967	08
53	0051	11	06	17	51	00472	20.2	+29.9	0000	046.9	000.0	0050	0115	+00.59	00	00	0967	08
54	0001	11	06	17	55	00451	18.3	+30.2	0000	042.7	000.0	0000	0000	+00.00	00	00	0967	08
54	0002	11	06	17	55	00452	18.7	+30.2	0000	043.0	000.0	0000	0004	+00.00	00	00	0967	08
54	0003	11	06	17	55	00453	18.8	+30.2	0000	043.2	000.0	0000	0009	+00.00	00	00	0967	08
54	0004	11	06	17	56	00453	18.8	+30.2	0000	043.3	000.0	0002	0014	+00.23	00	00	0967	08
54	0005	11	06	17	56	00453	18.8	+30.2	0000	043.4	000.0	0001	0019	+00.15	00	00	0967	08
54	0006	11	06	17	56	00453	19.0	+30.2	0000	043.5	000.0	0001	0024	+00.11	00	00	0967	08
54	0007	11	06	17	56	00453	18.8	+30.2	0000	043.5	000.0	0001	0028	+00.08	00	00	0967	08
54	0008	11	06	17	56	00453	18.8	+30.2	0000	043.6	000.0	0001	0033	+00.06	00	00	0967	08
54	0009	11	06	17	56	00453	19.1	+30.3	0000	043.7	000.0	0001	0038	+00.05	00	00	0967	08
54	0010	11	06	17	56	00453	19.1	+30.3	0000	043.7	000.0	0001	0043	+00.04	00	00	0967	08
54	0011	11	06	17	56	00453	19.1	+30.2	0000	043.8	000.0	0001	0048	+00.04	00	00	0967	08
54	0012	11	06	17	56	00453	19.3	+30.2	0000	043.9	000.0	0001	0052	+00.04	00	00	0967	08
54	0013	11	06	17	56	00453	19.1	+30.3	0000	043.9	000.0	0001	0057	+00.04	00	00	0967	08
54	0014	11	06	17	56	00454	19.3	+30.3	0000	043.9	000.0	0001	0062	+00.04	00	00	0967	08
54	0015	11	06	17	56	00454	19.4	+30.3	0000	044.0	000.0	0001	0067	+00.04	00	00	0967	08
54	0016	11	06	17	56	00455	19.3	+30.3	0000	044.1	000.0	0002	0072	+00.05	00	00	0967	08
54	0017	11	06	17	57	00455	19.3	+30.3	0000	044.1	000.0	0002	0076	+00.05	00	00	0967	08
54	0018	11	06	17	57	00456	19.1	+30.3	0000	044.1	000.0	0003	0081	+00.06	00	00	0967	08
54	0019	11	06	17	57	00457	19.6	+30.3	0000	044.2	000.0	0003	0086	+00.07	00	00	0967	08
54	0020	11	06	17	57	00458	19.3	+30.3	0000	044.2	000.0	0004	0091	+00.07	00	00	0967	08
54	0021	11	06	17	57	00458	19.3	+30.2	0000	044.3	000.0	0005	0096	+00.08	00	00	0967	08
54	0022	11	06	17	57	00460	19.9	+30.3	0000	044.3	000.0	0006	0100	+00.09	00	00	0967	08
54	0023	11	06	17	57	00461	19.6	+30.3	0000	044.4	000.0	0007	0105	+00.10	00	00	0967	08
54	0024	11	06	17	57	00463	19.9	+30.3	0000	044.4	000.0	0008	0110	+00.11	00	00	0967	08
54	0025	11	06	17	57	00464	19.6	+30.3	0000	044.5	000.0	0010	0115	+00.12	00	00	0967	08
54	0026	11	06	17	57	00465	19.9	+30.4	0000	044.5	000.0	0011	0120	+00.14	00	00	0967	08
54	0027	11	06	17	57	00466	19.9	+30.4	0000	044.6	000.0	0013	0124	+00.15	00	00	0967	08
55	0001	11	06	17	59	00443	19.5	+30.4	0000	044.9	000.0	0000	0000	+00.00	00	00	0967	08
55	0002	11	06	17	59	00445	19.3	+30.5	0000	044.7	000.0	0000	0004	+00.00	00	00	0967	08
55	0003	11	06	18	00	00446	19.6	+30.5	0000	044.8	000.0	0000	0009	+00.00	00	00	0967	08
55	0004	11	06	18	00	00445	19.8	+30.5	0000	044.9	000.0	0001	0014	+00.17	00	00	0967	08
55	0005	11	06	18	00	00447	19.6	+30.5	0000	045.0	000.0	0002	0019	+00.19	00	00	0967	08
55	0006	11	06	18	00	00449	19.8	+30.5	0000	045.0	000.0	0004	0024	+00.28	00	00	0967	08
55	0007	11	06	18	00	00451	20.0	+30.5	0000	045.1	000.0	0007	0028	+00.34	00	00	0967	08
55	0008	11	06	18	00	00452	20.0	+30.5	0000	045.2	000.0	0008	0033	+00.37	00	00	0967	08
55	0009	11	06	18	00	00454	20.1	+30.5	0000	045.3	000.0	0010	0038	+00.38	00	00	0967	08
55	0010	11	06	18	00	00455	20.3	+30.5	0000	045.4	000.0	0012	0043	+00.40	00	00	0967	08
55	0011	11	06	18	00	00458	20.3	+30.5	0000	045.4	000.0	0014	0048	+00.41	00	00	0967	08
55	0012	11	06	18	00	00460	20.1	+30.5	0000	045.5	000.0	0016	0052	+00.43	00	00	0967	08
55	0013	11	06	18	00	00462	20.6	+30.5	0000	045.6	000.0	0018	0057	+00.44	00	00	0967	08
55	0014	11	06	18	00	00464	20.6	+30.5	0000	045.7	000.0	0020	0062	+00.46	00	00	0967	08
55	0015	11	06	18	01	00466	20.6	+30.5	0000	045.8	000.0	0023	0067	+00.48	00	00	0967	08
55	0016	11	06	18	01	00468	20.8	+30.5	0000	045.9	000.0	0025	0072	+00.49	00	00	0967	08
55	0017	11	06	18	01	00471	20.8	+30.5	0000	046.0	000.0	0027	0076	+00.50	00	00	0967	08
55	0018	11	06	18	01	00473	21.1	+30.6	0000	046.1	000.0	0030	0081	+00.51	00	00	0967	08
55	0019	11	06	18	01	00475	21.1	+30.6	0000	046.3	000.0	0032	0086	+00.52	00	00	0967	08
55	0020	11	06	18	01	00476	21.0	+30.5	0000	046.3	000.0	0034	0091	+00.52	00	00	0967	08
55	0021	11	06	18	01	00478	21.3	+30.6	0000	046.4	000.0	0036	0096	+00.53	00	00	0967	08
55	0022	11	06	18	01	00480	21.5	+30.6	0000	046.6	000.0	0038	0100	+00.53	00	00	0967	08
55	0023	11	06	18	01	00482	21.5	+30.6	0000	046.7	000.0	0040	0105	+00.54	00	00	0967	08
55	0024	11	06	18	01	00484	21.6	+30.6	0000	046.8	000.0	0043	0110	+00.54	00	00	0967	08
55	0025	11	06	18	01	00486	21.8	+30.6	0000	046.9	000.0	0045	0115	+00.54	00	00	0967	08
55	0026	11	06	18	01	00488	21.8	+30.6	0000	047.0	000.0	0047	0120	+00.54	00	00	0967	08
55	0027	11	06	18	01	00489	22.1	+30.6	0000	047.1	000.0	0048	0124	+00.54	00	00	0967	08
56	0001	11	06	18	09	00462	19.7	+31.0	0000	043.9	000.0	0000	0000	+00.00	00	00	0967	08
56	0002	11	06	18	09	00462	20.0	+31.0	0000	044.0	000.0	0000	0004	+00.00	00	00	0967	08
56	0003	11	06	18	09	00462	20.0	+31.0	0000	044.2	000.0	0000	0009	+00.00	00	00	0967	08
56	0004	11	06	18	09	00463	20.2	+31.0	0000	044.3	000.0	0000	0014	+00.08	00	00	0967	08
56	0005	11	06	18	09	00463	20.2	+31.0	0000	044.5	000.0	0001	0019	+00.10	00	00	0967	08
56	0006	11	06	18	09	00463	20.2	+31.0	0000	044.6	000.0	0001	0024	+00.10	00	00	0967	08
56	0007	11	06	18	09	00463	20.4	+31.0	0000	044.7	000.0	0001	0028	+00.07	00	00	0967	08
56	0008	11	06	18	09	00463	20.5	+31.0	0000	044.8	000.0	0001	0033	+00.06	00	00	0967	08
56	0009	11	06	18	09	00463	20.5	+31.0	0000	044.9	000.0	0001	0038	+00.05	00	00	0967	08
56	0010	11	06	18	09	00463	20.5	+31.0	0000	045.0	000.0	0000	0043	+00.04	00	00	0967	08
56	0011	11	06	18	10	00463	20.5	+31.0	0000	045.0	000.0	0001	0048	+00.04	00	00	0967	08
56	0012	11	06	18	10	00464	20.8	+31.1	0000	045.1	000.0	0001	0052	+00.04	00	00	0967	08
56	0013	11	06	18	10	00464	20.8	+31.1	0000	045.2	000.0	0001	0057	+00.04	00	00	0967	08
56	0014	11	06	18	10	00465	20.7	+31.0	0000	045.2	000.0	0001	0062	+00.05	00	00	0967	08
56	0015	11	06	18	10	00465	20.8	+31.1	0000	045.3	000.0	0002	0067	+00.05	00	00	0967	08
56	0016	11	06	18	10	00466	20.8	+31.1	0000	045.3	000.0	0002	0072	+00.06	00	00	0967	08
56	0017	11	06	18	10	00466	20.8	+31.1	0000	045.4	000.0	0003	0076	+00.07	00	00	0967	08
56	0018	11	06	18	10	00467	20.8	+31.1	0000	045.4	000.0	0004	0081	+00.07	00	00	0967	08
56	0019	11	06	18	10	00468	20.8	+31.1	0000	045.4	000.0	0004	0086	+00.08	00	00	0967	08
56	0020	11	06	18	10	00468	21.0	+31.1	0000	045.5	000.0	0005	0091	+00.09	00	00	0967	08
56	0021	11	06	18	10	00469	21.0	+31.1	0000	045.5	000.0	0006	0096	+00.10	00	00	0967	08
56	0022	11	06	18	10	00470	21.0	+31.1	0000	045.6	000.0	0007	0100	+00.10	00	00	0967	08
56	0023	11	06	18	10	00471	21.0	+31.1	0000	045.6	000.0	0008	0105	+00.11	00	00	0967	08
56	0024	11	06	18	11	00473	21.0	+31.1	0000	045.7	000.0	0009	0110	+00.12	00	00	0967	08
56	0025	11	06	18	11	00474	21.1	+31.1	0000	045.7	000.0	0010	0115	+00.13	00	00	0967	08
56	0026	11	06	18	11	00475	21.3	+31.1	0000	045.8	000.0	0011	0120	+00.14	00	00	0967	08
56	0027	11	06	18	11	00476	21.3	+31.1	0000	045.8	000.0	0013	0124	+00.15	00	00	0967	08
57	0001	11	06	18	13	00478	20.2	+31.2	0000	044.4	000.0	0000	0000	+00.00	00	00	0967	08
57	0002	11	06	18	13	00476	20.4	+31.2	0000	044.7	000.0	0000	0004	+00.00	00	00	0967	08
57	0003	11	06	18	13	00476	20.5	+31.2	0000	044.8	000.0	0000	0009	+00.00	00	00	0967	08
57	0004	11	06	18	13	00476	20.4	+31.2	0000	044.9	000.0	0001	0014	-00.11	00	01	0967	08
57	0005	11	06	18	13	00476	20.5	+31.2	0000	044.9	000.0	0001	0019	-00.06	00	01	0967	08
57	0006	11	06	18	13	00476	20.7	+31.2	0000	045.0	000.0	0000	0024	-00.03	00	01	0967	08
57	0007	11	06	18	13	00476	20.7	+31.2	0000	045.1	000.0	0000	0028	-00.01	00	01	0967	08
57	0008	11	06	18	13	00477	20.7	+31.2	0000	045.1	000.0	0000	0033	+00.01	00	00	0967	08
57	0009	11	06	18	13	00478	20.7	+31.2	0000	045.2	000.0	0000	0038	+00.04	00	00	0967	08
57	0010	11	06	18	13	00480	20.7	+31.2	0000	045.2	000.0	0002	0043	+00.08	00	00	0967	08
57	0011	11	06	18	14	00481	20.7	+31.2	0000	045.3	000.0	0003	0048	+00.11	00	00	0967	08
57	0012	11	06	18	14	00483	21.0	+31.2	0000	045.3	000.0	0005	0052	+00.15	00	00	0967	08
57	0013	11	06	18	14	00485	21.0	+31.2	0000	045.3	000.0	0007	0057	+00.18	00	00	0967	08
57	0014	11	06	18	14	00486	21.0	+31.2	0000	045.4	000.0	0009	0062	+00.21	00	00	0967	08
57	0015	11	06	18	14	00489	21.0	+31.2	0000	045.4	000.0	0011	0067	+00.24	00	00	0967	08
57	0016	11	06	18	14	00491	21.0	+31.3	0000	045.5	000.0	0013	0072	+00.26	00	00	0967	08
57	0017	11	06	18	14	00492	21.0	+31.3	0000	045.5	000.0	0016	0076	+00.29	00	00	0967	08
57	0018	11	06	18	14	00494	21.0	+31.2	0000	045.5	000.0	0018	0081	+00.31	00	00	0967	08
57	0019	11	06	18	14	00496	21.0	+31.2	0000	045.6	000.0	0020	0086	+00.33	00	00	0967	08
57	0020	11	06	18	14	00498	21.0	+31.3	0000	045.6	000.0	0022	0091	+00.34	00	00	0967	08
57	0021	11	06	18	14	00500	21.3	+31.3	0000	045.6	000.0	0025	0096	+00.36	00	00	0967	08
57	0022	11	06	18	14	00503	21.3	+31.3	0000	045.7	000.0	0027	0100	+00.38	00	00	0967	08
57	0023	11	06	18	15	00505	21.3	+31.3	0000	045.7	000.0	0029	0105	+00.39	00	00	0967	08
57	0024	11	06	18	15	00507	21.3	+31.3	0000	045.7	000.0	0032	0110	+00.40	00	00	0967	08
57	0025	11	06	18	15	00510	21.5	+31.3	0000	045.8	000.0	0035	0115	+00.42	00	00	0967	08
57	0026	11	06	18	15	00512	21.5	+31.3	0000	045.8	000.0	0037	0120	+00.43	00	00	0967	08
57	0027	11	06	18	15	00515	21.5	+31.3	0000	045.9	000.0	0040	0124	+00.44	00	00	0967	08
;Received 483 record(s)
